535556
1577494
1191014
1149882
1637109
512082
1418948
1010455
1934895
2004773
954609
1817367
1247321
2368744
2724693
1700885
621039
711224
1088885
1542524
2820618
2750285
2035214
524163
941807
727116
1472243
1245874
926464
2598493
1903885
991764
2668005
2386367
167894
1363641
1446221
22078
711688
672735
1943730
520791
2178075
1205964
764130
2320983
88019
1357467
144042
2495558
1772714
99766
2494612
582846
1531228
2371283
1916585
2301211
1258096
634617
869963
2705212
664482
664648
2748260
2222474
908621
2526722
2426272
1528739
335861
94574
2512192
2359343
65805
1999732
1046991
46928
504458
518194
2315665
2748821
1508231
741099
72840
1103379
1333484
2504070
1086462
2513746
1871289
1248830
1544350
2356315
2774473
1780017
585997
2544340
779099
2437153
