2098403
43274
667739
807286
2652717
2161267
224591
925721
1076917
1830150
156363
769853
233568
2761530
2537243
2852108
1305366
1497219
721542
1692985
2359532
2381602
1952707
1410976
691196
467288
1309293
225390
2394645
2522891
1516478
640200
590384
481999
2147492
273949
1982400
64601
916133
2150495
1264789
2585374
773070
879762
790426
673758
2790876
1722660
2668812
2682556
2558043
1959055
1347022
1294751
1527646
1187116
1694499
1241455
1818026
761911
416654
1999244
1464146
1751437
2204623
633772
978461
1190005
2218364
618948
11383
2106188
223362
1490316
1270927
1305815
708194
2665310
1505417
856985
1192972
1549580
2724903
1181446
1791129
1860974
2160015
1348561
760652
2581881
1974060
1423617
1579083
722382
1207962
2123064
323614
1311410
433067
2307235
