821839
1150977
2641124
1338682
969240
1225019
2784418
2442939
1360609
79468
44858
1051252
196774
24685
1681629
17112
1368107
742050
1461801
207692
980665
369918
2154165
870110
1315969
1591614
1633865
660500
523342
421368
1074474
978834
884295
2091635
9242
700818
1624870
1681842
2359584
1811674
2115766
1278491
1418467
430644
1798449
1060630
370984
2483402
511051
2685471
42053
1707393
2608396
442500
2437214
746330
204396
1794873
2321684
2426054
2694376
1342467
2601689
1274283
2485119
1368782
817146
232913
111815
551892
2516371
2279897
1290093
1451192
2291559
4393
440286
1549215
2197880
1582660
748308
493014
535646
1673115
1107136
549856
855780
1644698
1443089
2664522
520442
1100953
1102528
420364
803520
1816305
1232983
400004
1532382
851829
